100
4
1332
4
9583
3
616
10
1029384756
7
9000555
99
578786566676799959886679598588868999875698958595898758565567568556997678586757958698978897855888589
93
554545455545554444545554545445545444455444444545545445545444445445554554555554545545454545444
95
10213233233012302102123213133201332100220121022301013330123011131030302131303121112102112330230
93
232320022222211302133003330332212320023022232023123213010123123230101231301131130122003110001
100
0000000000000000000000000000000000000000000000000000000000000000000000000000000000000000000000000000
92
83588929835252942743764796935333977494282798325525843254882447478429229424478372388282496276
15
222229888888811
90
470568082962352099221760399941288240302539703947535200475054205834502715423878425279401426
100
3518963831116418388217396274565515473975898672925983739699549253259674321687357323869811642941771732
91
8657999597666669767756776756657958697795556995586796789698765679758557685578768775685687978
92
45965856678759967466658475964597599967665796598697769846879479955899674797489795877964448896
91
4554667555646755654477667576455656757446654576766777767776557776544744464446476575466667775
3
211
99
631224451317112574754571461665411124252133371246413435665576353467134132467136411415724553662255625
98
73337584833246276425562832658388662652745363362623625236245767324736783654888642637353488573787628
96
677677766676766776767767666777676777766676666677767776766666776776676767676676767666667766776767
91
3531424131512562147332456634726123336246442463123562564177267663277567412353641337752615635
3
001
92
77865887676588565856566875657856785878655858786558568865785578886758878868557577758566875758
96
656857685676778686776677665788855785558886868878678876558657855557867856577788758566668756778558
100
0000000000111111111122222222223333333333444444444444444444443333333333222222222211111111110000000000
2
00
99
899899989888998888999899898888988988889988888889889989889989989899998989898888898888988998999999898
97
3734665534674633674733773673453466434364437465453354744367654343564667547735653447667577735644565
93
666977656788947495769689879669786587475687598766545879689874475566865466886977446869776469747
100
4237336466342836576552444537248857181224744783228539299973319937823189639427739478918398845734582726
90
333343333344443344334433433433344344333344444444343334344434333334433333333443334333333333
95
41410051103140534245452545341051212251312431551504301302203305143432315450012414231422404042534
91
6868666868787777778767668768678767767876877676678687766888866887867888868777878777888668878
94
9919529128224675539742396291391557482148374599863575942152648826492751775827147373317861721776
93
266115465322025660445341133114063002423211425240436453234516426034640531341663456455045302441
92
44334443443434343344444443444433433344343433343434344343343444343434434343434343444434344443
97
4222333325232325523255543333532444555553422553325353345223423534355332525522425554453555524333333
92
87788989889878998977987788897977797897988888788897778887897899989779989987989988889778898789
96
556344445443635535334353446564336534436336344553344455534565555334455443333535634646455663345636
93
775758586579987599779666766775567698998768758869795895799897868579868657567879796679958796779
98
55555445545555545445445555445444544544444445545454445445554555554544444545555554454545455554555445
2
10
100
0123456789012345678901234567890123456789012345678901234567890123456789012345678901234567890123456789
90
221332212332323312231321213113322222231313111222331211112211212121133212112332132113313231
92
66665665556565655556565565666566665556555656666656655666655566556665555566666666565555655656
91
1011000011110222222212121022000011121201120212111211010111012122112102202021101112000202021
100
0987654321098765432109876543210987654321098765432109876543210987654321098765432109876543210987654321
99
787687667766886676777766788668877877676877787688878668887867666767877888876686888767786686877868677
96
632266362453455552323666624565666525242436366565236464643623533235646246553533225323446433223243
100
7778888788778777878787787777888888888778787777877777888878887877887888887888778788877787787788878888
98
53083876852280134651103234702596121577692210791855750800862353611256521866542389705447831575739615
90
344301123144111122243111311320413111303014141022120300000010104233300430013234343012322030
98
55343233455335315334543251231352224325354345521245425531352134121115435521354224445213321441325311
100
7788787877877788788778888788888777888787787788877888778787788878778888788778778887887778877777778887
93
211222222122111222112111121211111211212112121121212121112112222111112111212221121111122121211
99
445454645665646656666656664444654456546654466654555645554654665454456656545654544555664664545654455
90
242472323388958528446363276829967662232289597762758282257669423639526636429837336383553435
98
44244434343343232432242223422424444432244322423322444423223232433442324443423423443343442342442333
100
2222223332232232323223332333233322322323222333223332233323222332333322223233222232323322222322332332
96
511025343004524314100023121003221153533102453515330500020355224553245221333204452242320520052015
2
01
100
4534222554232335532423323524344535553424325423245423233435522455434325245424434542442234344225343242
95
00100001001000000101010010101010001100011111101101001010001000111000101111011011100001100110010
3
110
96
556566566566656665556655666655565656565656665656665655656655655555666655655555665656665666665656
97
7694197912932772350168601736885728545288064048824015495103429842960896697691763800605484505241438
90
672836643882536425648425467322628672638428238742452846427847463765735745447853645624246552
95
49495282896257755474574637599623826464824572474748573249458495757984866378327566429753474723265
90
776667767777676666676776676766666777677677766776666666677677766676676676767677767677677676
92
11234112213334431121423313134314313421434232341111221312131114413432233422422211411314231412
95
77878887888878887777787877787887888887888877878778787777877787878887877888877888787777887887888
97
4554666654667744445465464566544557454575457474746547554575567455456747445566467567676575445767465
91
8885898956678655959976775686677568887896877699969896586996866858576965677758869759779875676
100
5445554567467775654664646665544447646445657454455745674546644776655647545565665557775657464664445766
95
33334443444444333334333434334333433344344343344343433333444334444344344333444434344433444443443
94
6858668756877668558768777868586675886767866667867687765658775767857677755675688665876665857866
92
93122934441655656075124695083330773052332997566581812285266609878290147180618767834390262453
100
3746297722241786858972515823928689356213592327195552429688362431113569861345235122478934158696517335
94
2342333434434222432424324324223234334432434234234433223242434443232432223243244333223322223222
92
05542750643755602331733746074600262344017400476630523510021062101035754422157322061757314252
92
87878777778888787788888877877778877788887777887887778787877888778878877888777787787777777877
93
233455255242112141143540505531534544052515154542412444515245050351215544343453230450104112255
3
112
90
000001001101101101101110000001110010010100100000011011101010111000001101000110100001111001
3
011
100
9999999999999999999999999999999999999999999999999999999999999999999999999999999999999999999999999999
98
66867687877669966997689969877976889979799696668789989996866877766878788696966679669876868699899897
97
3755556534533376377455447446465767574334565547663574433636334436455645557646747375755556433353637
93
888888888868886666768688686688877767888678888678687866787887868687676868677667766868886888766
99
444433434443444443343443344444343333444334443443434333333433334333333333333333434443343343333434334
95
21234885474552686318671633335143485854147277742478462326478354325456685568535586848653353352528
95
69658895967799697668779575555897575876577659798799698658579698889857578589955565766589957856896
93
576647546647577544336747774657545653675337473763454733476563564536336366354474343557664766664
99
878868578776768758655866566556857787877568586665768775858566867855868556778767856666787655868858768
91
6765756674444775465465765654564744676757474754744576766657564644565646656574767555474455467
98
25151442312211251512352225232544132555231342335135235111311454113354152352532335455333424255532312
96
696668657565548875447799496695767785975796578799466774578587777556597547987779957688654544956979
5
19091
97
4445555544545444454454555454454455455455544455444455455554454544554545554444454555455444555554555
