100
4
1332
4
9583
3
616
10
1029384756
91
5133243551355254425125435322254541245225222323334143154321432142521443125324251433434243141
100
3678111574441629879762962133671723831982724233876174428717116757198447863784595734979624713217792928
94
4733338763484226265574448576727655584265556337547743744444462338258443276525256254554724742636
91
4759545949535553475524757363933479328386469375379973735238986655867243552475982548225868687
3
211
94
3444422334524211445131135253334431135454522313225312532244513435445522512135521255532153555453
92
77384356634546588654544863636557538346667655763365845445848578787543473438644446475857878657
97
4561421166562413656342345623115564334656322452651622621345232463464512114551621646125466546533212
100
0022102201020000222100211202122001112011101110010110102221211120202120122000122021112001012222120100
92
11104305250002550232421514442325224035311320221105450034334210100500022545450010423440002500
93
877678677888876686788776667766778866666888876867786768678867778866877686886788787676787768888
97
3334445335545334455355555434434443544555534345345333353343534445545444543334543354454434434434543
97
6848329881691870123948980632166414858931026006238803036544847362085640158399427379766763920137904
91
2744570573012370775127346414732426035710746371430353270111336233647316453135236163316466645
90
202020120022122001120022221121200212000022221011212011001102021220200012021020010011112222
100
9999999999999999999999999999999999999999999999999999999999999999999999999999999999999999999999999999
93
697976988678998968899897676686886877667967766686878876687976877676897997766977766876697768699
96
867767784788555754868465676546744884844865664755574666784654686684566645667447577857446754775858
100
4269568252435863927364534742922249838664948681796845818184473365569978355381412267758578793373983133
93
356563664523663425333453645365324253566426536664335664232533326534663246565642335634255455462
90
987352426979863335336397852637682856477725766368827397226542978736247364494637777247476893
96
747366677345333336647634435453575746776464534476366636733555737655547555477364633637436764767436
91
5566444456565545456453364353644354644644535456444644533366433343446645463435465636534443345
94
4364512723234145851814273726778221411411884882433264244151128538488211514788352547715283327447
93
453546355356434464453435466353436635453464364353364335656665566455535556535666533355543435433
90
447645356343545255885556775862737554334646885647746475236635424624434856584857265524728636
2
01
90
111222212211222121211221112111121221121112111121122211211221122112111211222111212211122221
99
344463664646654444333344456356465463636635454535335445334446633564445335444546333444634563566345544
90
044152041113504333010200052542313040151143350305045443401135103400200415315453544434120110
3
112
90
558469873399343754479586378685875986678863743964835394874869793465476657496763958979646763
94
7688868878788887686688688776666876668768688877776688788886678876777668876868686768878677687687
93
021200021210222101111221002210122111001102202222020011110011112201020122012022012112121121200
91
5122156781375377353565243872736763288738544231535627558831477641143764852861565777517531755
96
442332334232443243433242233223432444234334233334433232442424342324242323233332223323443423432442
98
78667877667676668666686886688678888788788776876786676788768878766876876867768687787688676766768777
94
6215250453400204051262656540645533145662615400520662404133106213120241542562105025266004415144
94
8967547998976796586947774556676699748796594765558695776898455764578977474448555965944579579766
94
7746556567654775564465475565777747454465455457565444775557667576574565767766755454444645767576
92
66646453645563446355464446353355666464466343446456343654535633345643565546556455333545545444
2
10
95
75775877568887788688788566555677576686767857575685785775778666857578768786856766888575656686587
7
9000555
99
777978969898868969767997988977876797878868898977968687986899678777777888969878676788699977698968967
2
00
93
664764677574745477557667554744456544775766455674766774757444567546466644456467766575757765466
99
411123223542342355413233534422222442435355212132112221414215433331444235145335331535232524543433153
100
0000000000000000000000000000000000000000000000000000000000000000000000000000000000000000000000000000
100
8478834845156221456516434767511338281196187863818894167749571296864984893795366623477397831531654813
93
352955522892844943668686384446355392596545824869629538958294963657276253385277258497636697763
91
0173883147176418110583288392122314899934994817437834161653387485788732831665120186097241390
98
87887877877887788877777888787878788887878787777788787788888877887777777887887878887787878877787778
90
112122131112113314144342123111132244111211334123114333222231123414112344232331133141241431
99
232434422444422432322333332444444433323433423333224232433444343432443432322224334432442443432323334
99
313321123111433412311214212142332421424213124332334243312111212224132331212132312221244421344123414
96
554444454554445555555455555444444445454555554455554444544545544455444555444555445455445444555455
92
56565654366447375646775763774635375774577746433743746643345565655343755474445663535646554547
98
67777677776776667666677677767676767676676767666666667677667776676767676676666667667666666767767666
100
0987654321098765432109876543210987654321098765432109876543210987654321098765432109876543210987654321
15
222229888888811
91
7997788789798797779879797989777978879797899889988788787777977888997778888877787978789798778
90
666556565655556666666565665555656666665556555666656555566556656566555556656655555665556655
95
98999889989888889999989989898898889988898888899898899898889999989989988999899899998888989889989
93
334454344433245455554455553455423345222255222342432433534332234545454432532433553224355253252
96
474455334644434357665436746477367564364567763334554446655653476355454445473443766746475755473673
92
22521152255212123553351435124225553532324424524122425554513211524141555435225411224453222353
96
897897779798977889878988877879787797979999889877787889999779879979988987999898879778787797897777
93
667566557755555565756656676555666575575765577666556657777775665766766665575655766577757555765
3
001
91
2423465244432363252654555453226556425542366625654423455242332666566345446665662433652626262
92
11100111111110000010110100000101000101111111011110000110110101011001111100000000101010111111
94
5463658646375774665843783433644366785466333435433844468586387734468836748587674387775888358474
100
0123456789012345678901234567890123456789012345678901234567890123456789012345678901234567890123456789
3
011
98
01001111100101101000110011111011001110001000101011110101010011111001100111001101111010100101110000
91
2222212121111111212212111222121221212121222221121221111112112212221222112212212122222211112
100
6556565665556656556666566555666655555665555665565656565666555555556555655555656556655665566656555665
5
19091
92
33133112312123233211222331133223322233311313312333333211311312113231332322112123213223121313
92
98988889999889998888899999899888898999888999888998988898999988988899889888898988988989999889
100
0000000000111111111122222222223333333333444444444444444444443333333333222222222211111111110000000000
93
346753467437764536366644647643545465473575646547677674455647455445367463435533543754677366553
99
544676263735427435254762235222547473243346226567534574337446646262376662525745534332363526322645732
96
788599877844689849454658554567965468685676787647688767598744886974487798955594757598788479684684
97
5123412157222451157615114732122442255612357213776375764646161124371173624732166132442112147262645
3
110
99
343333433343334444343443443443344433444444343443343433334444443334444343444434444344344343344434334
100
7262726474726547456742234336222724642526446526773755327354673644654553722657554323275463522237562376
92
33344343334443343343344434344334343334443444433344334443344344433343343443433333343433443344
94
3366463858488370410033207550542545330431584248658124347848035833076232032003160414257122656350
99
222434353254543422435425534335224523525542445332422543453252555335543522233332223253343252544524532
94
7885855868786657857686757586785567758678658686566655787756866585776786665887557576777867657785
90
455475765675657647677544446666766667647744444654675477745467765665754475756545476577445646
96
585786376735583335886538486877436356576844576536538435684737883867677856886745476483474653555466
91
4355325726473145656866418156275668658153410825668432437383106100043248421362210733028051706
