100
2 1
2 2
3 1
3 2
10 5
100 1
100 100
100 50
95 15
91 79
90 17
90 51
99 86
87 12
86 30
99 59
80 66
95 84
93 51
97 10
97 59
95 68
91 76
83 36
94 89
90 63
85 10
86 62
81 4
90 30
87 41
92 40
90 53
97 44
93 43
96 23
90 6
82 65
92 70
80 57
96 33
97 89
81 64
95 95
89 4
90 36
84 11
82 78
83 42
94 38
87 48
93 23
99 3
84 66
94 92
87 54
80 2
91 87
99 19
81 13
81 48
81 45
98 77
99 93
96 3
81 49
94 45
88 61
87 11
95 51
84 45
83 61
99 66
84 61
92 80
83 56
95 10
84 65
84 60
85 6
82 34
95 82
99 7
96 54
99 48
96 73
96 8
88 29
84 53
96 96
81 76
91 73
90 27
93 46
86 68
81 18
86 5
80 69
80 43
83 52
