100
2 1
2 2
3 1
3 2
10 5
100 1
100 100
100 50
90 60
99 73
83 31
91 90
98 18
94 8
81 68
91 74
99 50
89 52
80 25
81 4
91 5
83 29
83 43
85 59
89 39
97 31
87 85
86 63
92 79
84 1
99 36
94 10
99 71
97 84
86 48
97 17
95 46
85 15
85 35
100 20
86 74
97 78
100 23
82 6
97 9
82 19
89 3
94 82
83 5
81 5
97 58
88 69
90 64
94 27
95 26
81 75
99 81
99 26
94 7
81 22
82 76
100 91
93 74
88 16
87 20
99 25
86 55
96 23
80 56
94 19
85 58
93 35
99 94
82 54
88 46
98 92
93 92
82 11
83 36
83 17
84 24
82 34
93 3
84 75
85 4
81 26
81 12
100 70
95 33
89 7
84 52
98 70
89 30
98 87
100 88
91 88
89 60
99 42
95 23
95 94
